2020年,全国,126226568,61360014,64866554
2020年,北海道,5228885,2465581,2763304
2020年,札幌市,1975065,918738,1056327
2020年,札幌市中央区,248840,112806,136034
2020年,札幌市北区,289667,136651,153016
2020年,札幌市東区,265536,125980,139556
2020年,札幌市白石区,212001,100071,111930
2020年,札幌市豊平区,225482,104183,121299
2020年,札幌市南区,135966,62379,73587
2020年,札幌市西区,217230,100077,117153
2020年,札幌市厚別区,125182,56741,68441
2020年,札幌市手稲区,142712,66918,75794
2020年,札幌市清田区,112449,52932,59517
2020年,函館市,251271,113972,137299
2020年,小樽市,111422,50148,61274
2020年,旭川市,329513,152162,177351
2020年,室蘭市,82457,40403,42054
2020年,釧路市,165230,77512,87718
2020年,帯広市,166690,79642,87048
2020年,北見市,115608,54742,60866
2020年,夕張市,7341,3385,3956
2020年,岩見沢市,79424,37138,42286
2020年,網走市,35783,18065,17718
2020年,留萌市,20123,9653,10470
2020年,苫小牧市,170234,83561,86673
2020年,稚内市,33584,16645,16939
2020年,美唄市,20430,9568,10862
2020年,芦別市,12578,5768,6810
2020年,江別市,121145,57544,63601
2020年,赤平市,9707,4389,5318
2020年,紋別市,21224,9905,11319
2020年,士別市,17872,8421,9451
2020年,名寄市,27289,13321,13968
2020年,三笠市,8038,3630,4408
2020年,根室市,24669,11765,12904
2020年,千歳市,98019,49794,48225
2020年,滝川市,39533,18832,20701
2020年,砂川市,16506,7610,8896
2020年,歌志内市,2989,1399,1590
2020年,深川市,20062,9365,10697
2020年,富良野市,21156,9950,11206
2020年,登別市,46447,22158,24289
2020年,恵庭市,70378,34094,36284
2020年,伊達市,32857,15171,17686
2020年,北広島市,58234,27776,30458
2020年,石狩市,56934,27331,29603
2020年,北斗市,44331,20548,23783
2020年,当別町,15921,7705,8216
2020年,新篠津村,3046,1484,1562
2020年,松前町,6260,2803,3457
2020年,福島町,3794,1755,2039
2020年,知内町,4167,2058,2109
2020年,木古内町,3836,1753,2083
2020年,七飯町,27707,12677,15030
2020年,鹿部町,3762,1785,1977
2020年,森町,14343,6662,7681
2020年,八雲町,15844,7905,7939
2020年,長万部町,5113,2448,2665
2020年,江差町,7435,3563,3872
2020年,上ノ国町,4308,1963,2345
2020年,厚沢部町,3593,1719,1874
2020年,乙部町,3406,1539,1867
2020年,奥尻町,2412,1280,1132
2020年,今金町,5076,2448,2628
2020年,せたな町,7405,3466,3939
2020年,島牧村,1352,686,666
2020年,寿都町,2837,1395,1442
2020年,黒松内町,2793,1351,1442
2020年,蘭越町,4573,2197,2376
2020年,ニセコ町,5077,2622,2455
2020年,真狩村,2046,1036,1010
2020年,留寿都村,1909,972,937
2020年,喜茂別町,2155,1114,1041
2020年,京極町,2942,1420,1522
2020年,倶知安町,15137,7788,7349
2020年,共和町,5775,3047,2728
2020年,岩内町,11654,5506,6148
2020年,泊村,1572,785,787
2020年,神恵内村,870,398,472
2020年,積丹町,1831,855,976
2020年,古平町,2755,1306,1449
2020年,仁木町,3182,1524,1658
2020年,余市町,18012,8340,9672
2020年,赤井川村,1165,605,560
2020年,南幌町,7328,3463,3865
2020年,奈井江町,5122,2405,2717
2020年,上砂川町,2847,1290,1557
2020年,由仁町,4818,2299,2519
2020年,長沼町,10300,4926,5374
2020年,栗山町,11262,5167,6095
2020年,月形町,3692,2185,1507
2020年,浦臼町,1725,837,888
2020年,新十津川町,6486,2972,3514
2020年,妹背牛町,2696,1290,1406
2020年,秩父別町,2330,1072,1258
2020年,雨竜町,2392,1166,1226
2020年,北竜町,1711,822,889
2020年,沼田町,2903,1389,1514
2020年,鷹栖町,6572,3107,3465
2020年,東神楽町,10141,4703,5438
2020年,当麻町,6326,2916,3410
2020年,比布町,3520,1662,1858
2020年,愛別町,2610,1218,1392
2020年,上川町,3502,1709,1793
2020年,東川町,8315,3878,4437
2020年,美瑛町,9717,4508,5209
2020年,上富良野町,10353,5358,4995
2020年,中富良野町,4741,2263,2478
2020年,南富良野町,2376,1228,1148
2020年,占冠村,1307,652,655
2020年,和寒町,3193,1498,1695
2020年,剣淵町,2927,1426,1501
2020年,下川町,3127,1494,1633
2020年,美深町,4147,2038,2109
2020年,音威子府村,706,365,341
2020年,中川町,1528,805,723
2020年,幌加内町,1371,682,689
2020年,増毛町,3912,1774,2138
2020年,小平町,2998,1432,1566
2020年,苫前町,2936,1424,1512
2020年,羽幌町,6551,3163,3388
2020年,初山別村,1080,518,562
2020年,遠別町,2521,1224,1297
2020年,天塩町,2950,1479,1471
2020年,猿払村,2612,1286,1326
2020年,浜頓別町,3454,1678,1776
2020年,中頓別町,1638,818,820
2020年,枝幸町,7579,3598,3981
2020年,豊富町,3975,2099,1876
2020年,礼文町,2510,1285,1225
2020年,利尻町,2005,993,1012
2020年,利尻富士町,2457,1186,1271
2020年,幌延町,2373,1292,1081
2020年,美幌町,18705,9068,9637
2020年,津別町,4369,2095,2274
2020年,斜里町,11443,5686,5757
2020年,清里町,3888,1885,2003
2020年,小清水町,4621,2208,2413
2020年,訓子府町,4682,2241,2441
2020年,置戸町,2776,1279,1497
2020年,佐呂間町,4879,2299,2580
2020年,遠軽町,19250,9340,9910
2020年,湧別町,8275,3950,4325
2020年,滝上町,2421,1177,1244
2020年,興部町,3629,1764,1865
2020年,西興部村,1052,520,532
2020年,雄武町,4204,2006,2198
2020年,大空町,6821,3335,3486
2020年,豊浦町,3824,1784,2040
2020年,壮瞥町,2749,1286,1463
2020年,白老町,16225,7708,8517
2020年,厚真町,4439,2249,2190
2020年,洞爺湖町,8453,3912,4541
2020年,安平町,7343,3633,3710
2020年,むかわ町,7650,3784,3866
2020年,日高町,11289,5711,5578
2020年,平取町,4760,2384,2376
2020年,新冠町,5315,2605,2710
2020年,浦河町,12083,5971,6112
2020年,様似町,4045,1924,2121
2020年,えりも町,4376,2232,2144
2020年,新ひだか町,21522,10476,11046
2020年,音更町,43613,20638,22975
2020年,士幌町,5854,2891,2963
2020年,上士幌町,4770,2341,2429
2020年,鹿追町,5270,2579,2691
2020年,新得町,5817,2902,2915
2020年,清水町,9106,4481,4625
2020年,芽室町,18078,8616,9462
2020年,中札内村,3891,1881,2010
2020年,更別村,3080,1518,1562
2020年,大樹町,5424,2713,2711
2020年,広尾町,6388,3097,3291
2020年,幕別町,25778,12246,13532
2020年,池田町,6299,2972,3327
2020年,豊頃町,3020,1478,1542
2020年,本別町,6624,3229,3395
2020年,足寄町,6562,3213,3349
2020年,陸別町,2265,1138,1127
2020年,浦幌町,4389,2140,2249
2020年,釧路町,19115,9102,10013
2020年,厚岸町,8893,4172,4721
2020年,浜中町,5511,2728,2783
2020年,標茶町,7230,3469,3761
2020年,弟子屈町,6961,3316,3645
2020年,鶴居村,2564,1257,1307
2020年,白糠町,7294,3414,3880
2020年,別海町,14382,7287,7095
2020年,中標津町,23023,11341,11682
2020年,標津町,5025,2460,2565
2020年,羅臼町,4721,2343,2378
2020年,青森県,1238730,583541,655189
2020年,青森市,275340,128099,147241
2020年,弘前市,168564,77274,91290
2020年,八戸市,223529,106836,116693
2020年,黒石市,31972,14791,17181
2020年,五所川原市,51435,23253,28182
2020年,十和田市,60420,28691,31729
2020年,三沢市,39181,19611,19570
2020年,むつ市,54122,26102,28020
2020年,つがる市,30979,14367,16612
2020年,平川市,30621,14191,16430
2020年,平内町,10129,4818,5311
2020年,今別町,2335,1120,1215
2020年,蓬田村,2543,1211,1332
2020年,外ヶ浜町,5410,2532,2878
2020年,鰺ヶ沢町,9047,4146,4901
2020年,深浦町,7346,3398,3948
2020年,西目屋村,1265,589,676
2020年,藤崎町,14578,6752,7826
2020年,大鰐町,8671,3936,4735
2020年,田舎館村,7328,3425,3903
2020年,板柳町,12712,5806,6906
2020年,鶴田町,12077,5553,6524
2020年,中泊町,9663,4433,5230
2020年,野辺地町,12389,5777,6612
2020年,七戸町,14564,6967,7597
2020年,六戸町,10456,5086,5370
2020年,横浜町,4231,2071,2160
2020年,東北町,16441,7844,8597
2020年,六ヶ所村,10369,5910,4459
2020年,おいらせ町,24282,11629,12653
2020年,大間町,4718,2373,2345
2020年,東通村,5956,3162,2794
2020年,風間浦村,1633,774,859
2020年,佐井村,1788,883,905
2020年,三戸町,9090,4293,4797
2020年,五戸町,16051,7682,8369
2020年,田子町,4970,2376,2594
2020年,南部町,16822,7884,8938
2020年,階上町,13506,6829,6677
2020年,新郷村,2197,1067,1130
2020年,岩手県,1211206,583082,628124
2020年,盛岡市,289893,136950,152943
2020年,宮古市,50401,24387,26014
2020年,大船渡市,34739,16686,18053
2020年,花巻市,93234,44428,48806
2020年,北上市,93089,46855,46234
2020年,久慈市,33063,15897,17166
2020年,遠野市,25381,12227,13154
2020年,一関市,111970,54260,57710
2020年,陸前高田市,18271,8836,9435
2020年,釜石市,32096,15364,16732
2020年,二戸市,25528,11992,13536
2020年,八幡平市,24042,11510,12532
2020年,奥州市,113027,54862,58165
2020年,滝沢市,55600,27143,28457
2020年,雫石町,15742,7500,8242
2020年,葛巻町,5638,2730,2908
2020年,岩手町,12294,5971,6323
2020年,紫波町,32166,15395,16771
2020年,矢巾町,28076,13345,14731
2020年,西和賀町,5137,2380,2757
2020年,金ケ崎町,15545,8035,7510
2020年,平泉町,7258,3502,3756
2020年,住田町,5050,2474,2576
2020年,大槌町,11013,5236,5777
2020年,山田町,14332,6902,7430
2020年,岩泉町,8732,4330,4402
2020年,田野畑村,3059,1527,1532
2020年,普代村,2489,1246,1243
2020年,軽米町,8423,4090,4333
2020年,野田村,3938,1863,2075
2020年,九戸村,5376,2554,2822
2020年,洋野町,15098,7102,7996
2020年,一戸町,11506,5503,6003
2020年,宮城県,2303487,1123010,1180477
2020年,仙台市,1097196,531722,565474
2020年,仙台市青葉区,311757,150976,160781
2020年,仙台市宮城野区,196813,96358,100455
2020年,仙台市若林区,141531,69634,71897
2020年,仙台市太白区,234875,112959,121916
2020年,仙台市泉区,212220,101795,110425
2020年,石巻市,140237,68316,71921
2020年,塩竈市,52249,24899,27350
2020年,気仙沼市,61171,29905,31266
2020年,白石市,32734,15981,16753
2020年,名取市,78757,38588,40169
2020年,角田市,27996,13806,14190
2020年,多賀城市,63276,31566,31710
2020年,岩沼市,44091,21693,22398
2020年,登米市,76103,37159,38944
2020年,栗原市,64686,31144,33542
2020年,東松島市,39121,19096,20025
2020年,大崎市,127381,62428,64953
2020年,富谷市,51659,25091,26568
2020年,蔵王町,11428,5572,5856
2020年,七ヶ宿町,1262,620,642
2020年,大河原町,23575,11528,12047
2020年,村田町,10670,5296,5374
2020年,柴田町,38264,19344,18920
2020年,川崎町,8353,4101,4252
2020年,丸森町,12268,6121,6147
2020年,亘理町,33098,16212,16886
2020年,山元町,12051,5976,6075
2020年,松島町,13341,6423,6918
2020年,七ヶ浜町,18136,9026,9110
2020年,利府町,35189,17206,17983
2020年,大和町,28786,14971,13815
2020年,大郷町,7825,3822,4003
2020年,大衡村,5849,2928,2921
2020年,色麻町,6709,3250,3459
2020年,加美町,21952,10766,11186
2020年,涌谷町,15401,7524,7877
2020年,美里町,24011,11615,12396
2020年,女川町,6432,3351,3081
2020年,南三陸町,12230,5964,6266
2020年,秋田県,960113,452479,507634
2020年,秋田市,307885,145423,162462
2020年,能代市,50005,22914,27091
2020年,横手市,85584,40336,45248
2020年,大館市,69280,32556,36724
2020年,男鹿市,25175,11855,13320
2020年,湯沢市,42096,20112,21984
2020年,鹿角市,29107,13677,15430
2020年,由利本荘市,74763,35860,38903
2020年,潟上市,31743,14979,16764
2020年,大仙市,77715,36298,41417
2020年,北秋田市,30217,14165,16052
2020年,にかほ市,23455,11231,12224
2020年,仙北市,24629,11400,13229
2020年,小坂町,4780,2232,2548
2020年,上小阿仁村,2069,987,1082
2020年,藤里町,2898,1381,1517
2020年,三種町,15266,7036,8230
2020年,八峰町,6582,3068,3514
2020年,五城目町,8544,3983,4561
2020年,八郎潟町,5582,2533,3049
2020年,井川町,4570,2131,2439
2020年,大潟村,3014,1498,1516
2020年,美郷町,18625,8698,9927
2020年,羽後町,13822,6635,7187
2020年,東成瀬村,2707,1491,1216
2020年,山形県,1068696,516529,552167
2020年,山形市,247747,119022,128725
2020年,米沢市,81326,40259,41067
2020年,鶴岡市,122454,58641,63813
2020年,酒田市,100320,47855,52465
2020年,新庄市,34445,16442,18003
2020年,寒河江市,40208,19530,20678
2020年,上山市,29139,13918,15221
2020年,村山市,22537,10939,11598
2020年,長井市,26564,12959,13605
2020年,天童市,62166,30220,31946
2020年,東根市,47725,23532,24193
2020年,尾花沢市,14984,7329,7655
2020年,南陽市,30437,14658,15779
2020年,山辺町,13732,6604,7128
2020年,中山町,10751,5251,5500
2020年,河北町,17649,8528,9121
2020年,西川町,4965,2389,2576
2020年,朝日町,6371,3152,3219
2020年,大江町,7650,3798,3852
2020年,大石田町,6581,3215,3366
2020年,金山町,5074,2466,2608
2020年,最上町,8097,3914,4183
2020年,舟形町,5007,2420,2587
2020年,真室川町,7205,3408,3797
2020年,大蔵村,3030,1500,1530
2020年,鮭川村,3904,1888,2016
2020年,戸沢村,4203,1989,2214
2020年,高畠町,22471,10952,11519
2020年,川西町,14541,7090,7451
2020年,小国町,7108,3573,3535
2020年,白鷹町,12897,6357,6540
2020年,飯豊町,6615,3218,3397
2020年,三川町,7600,3692,3908
2020年,庄内町,20160,9631,10529
2020年,遊佐町,13033,6190,6843
2020年,福島県,1834198,904062,930136
2020年,福島市,282802,138208,144594
2020年,会津若松市,117433,56059,61374
2020年,郡山市,327872,161876,165996
2020年,いわき市,333202,163591,169611
2020年,白河市,59531,29690,29841
2020年,須賀川市,75039,36790,38249
2020年,喜多方市,44810,21440,23370
2020年,相馬市,34884,17554,17330
2020年,二本松市,53593,26314,27279
2020年,田村市,35192,17329,17863
2020年,南相馬市,59053,31021,28032
2020年,伊達市,58250,28300,29950
2020年,本宮市,30240,15015,15225
2020年,桑折町,11464,5492,5972
2020年,国見町,8641,4111,4530
2020年,川俣町,12186,5994,6192
2020年,大玉村,8904,4427,4477
2020年,鏡石町,12316,6029,6287
2020年,天栄村,5198,2567,2631
2020年,下郷町,5267,2601,2666
2020年,檜枝岐村,507,261,246
2020年,只見町,4041,1974,2067
2020年,南会津町,14453,7124,7329
2020年,北塩原村,2554,1290,1264
2020年,西会津町,5765,2789,2976
2020年,磐梯町,3332,1607,1725
2020年,猪苗代町,13559,6532,7027
2020年,会津坂下町,15068,7241,7827
2020年,湯川村,3082,1485,1597
2020年,柳津町,3087,1500,1587
2020年,三島町,1457,717,740
2020年,金山町,1867,911,956
2020年,昭和村,1247,622,625
2020年,会津美里町,19030,9114,9916
2020年,西郷村,20809,10640,10169
2020年,泉崎村,6214,3064,3150
2020年,中島村,4889,2398,2491
2020年,矢吹町,17307,8658,8649
2020年,棚倉町,13330,6577,6753
2020年,矢祭町,5404,2625,2779
2020年,塙町,8321,4074,4247
2020年,鮫川村,3058,1532,1526
2020年,石川町,14655,7337,7318
2020年,玉川村,6403,3204,3199
2020年,平田村,5830,2884,2946
2020年,浅川町,6041,3032,3009
2020年,古殿町,4826,2369,2457
2020年,三春町,17026,8452,8574
2020年,小野町,9482,4676,4806
2020年,広野町,5408,3304,2104
2020年,楢葉町,3700,2138,1562
2020年,富岡町,2130,1543,587
2020年,川内村,2046,1028,1018
2020年,大熊町,847,756,91
2020年,浪江町,1896,1346,550
2020年,葛尾村,421,241,180
2020年,新地町,7910,3945,3965
2020年,飯舘村,1319,664,655
2020年,茨城県,2868554,1431165,1437389
2020年,水戸市,270810,132547,138263
2020年,日立市,174635,87139,87496
2020年,土浦市,142160,70962,71198
2020年,古河市,139396,69746,69650
2020年,石岡市,73160,36193,36967
2020年,結城市,50627,25421,25206
2020年,龍ケ崎市,76455,38010,38445
2020年,下妻市,42554,21421,21133
2020年,常総市,60890,30479,30411
2020年,常陸太田市,48630,23710,24920
2020年,高萩市,27722,13807,13915
2020年,北茨城市,41836,20760,21076
2020年,笠間市,73241,35797,37444
2020年,取手市,104545,51472,53073
2020年,牛久市,84677,41776,42901
2020年,つくば市,241785,121071,120714
2020年,ひたちなか市,156664,79298,77366
2020年,鹿嶋市,66965,34440,32525
2020年,潮来市,27624,13674,13950
2020年,守谷市,68426,34151,34275
2020年,常陸大宮市,39294,19394,19900
2020年,那珂市,53530,26045,27485
2020年,筑西市,100819,50025,50794
2020年,坂東市,52292,26591,25701
2020年,稲敷市,39079,19500,19579
2020年,かすみがうら市,40114,20349,19765
2020年,桜川市,39159,19370,19789
2020年,神栖市,95466,49394,46072
2020年,行方市,32215,15980,16235
2020年,鉾田市,45973,23369,22604
2020年,つくばみらい市,49898,24888,25010
2020年,小美玉市,48902,24592,24310
2020年,茨城町,31417,15565,15852
2020年,大洗町,15725,7792,7933
2020年,城里町,18109,8914,9195
2020年,東海村,37900,19237,18663
2020年,大子町,15744,7691,8053
2020年,美浦村,14611,7482,7129
2020年,阿見町,48578,24247,24331
2020年,河内町,8233,4050,4183
2020年,八千代町,21034,10992,10042
2020年,五霞町,8100,4070,4030
2020年,境町,24208,12269,11939
2020年,利根町,15352,7485,7867
2020年,栃木県,1934016,965058,968958
2020年,宇都宮市,519026,259636,259390
2020年,足利市,144796,71427,73369
2020年,栃木市,155628,77412,78216
2020年,佐野市,116220,57503,58717
2020年,鹿沼市,94074,46592,47482
2020年,日光市,77651,37815,39836
2020年,小山市,166791,84531,82260
2020年,真岡市,78221,39472,38749
2020年,大田原市,72123,35407,36716
2020年,矢板市,31175,15411,15764
2020年,那須塩原市,115282,57295,57987
2020年,さくら市,44541,23105,21436
2020年,那須烏山市,24886,12384,12502
2020年,下野市,59479,29457,30022
2020年,上三川町,30810,15855,14955
2020年,益子町,21906,10872,11034
2020年,茂木町,11899,5878,6021
2020年,市貝町,11259,5754,5505
2020年,芳賀町,14968,7539,7429
2020年,壬生町,39509,19449,20060
2020年,野木町,24906,12396,12510
2020年,塩谷町,10366,5140,5226
2020年,高根沢町,29253,15254,13999
2020年,那須町,24021,11789,12232
2020年,那珂川町,15226,7685,7541
2020年,群馬県,1940333,959689,980644
2020年,前橋市,332332,162343,169989
2020年,高崎市,373218,182706,190512
2020年,桐生市,106524,51415,55109
2020年,伊勢崎市,211975,106389,105586
2020年,太田市,223150,114134,109016
2020年,沼田市,45382,21942,23440
2020年,館林市,75335,37770,37565
2020年,渋川市,74614,36352,38262
2020年,藤岡市,63299,30782,32517
2020年,富岡市,47470,23407,24063
2020年,安中市,54962,26862,28100
2020年,みどり市,49663,24570,25093
2020年,榛東村,14222,7188,7034
2020年,吉岡町,21817,10618,11199
2020年,上野村,1128,571,557
2020年,神流町,1645,793,852
2020年,下仁田町,6583,3225,3358
2020年,南牧村,1612,763,849
2020年,甘楽町,12481,6181,6300
2020年,中之条町,15396,7499,7897
2020年,長野原町,5102,2530,2572
2020年,嬬恋村,8861,4523,4338
2020年,草津町,6070,3050,3020
2020年,高山村,3518,1747,1771
2020年,東吾妻町,12741,6272,6469
2020年,片品村,3994,1948,2046
2020年,川場村,3485,1593,1892
2020年,昭和村,6962,3456,3506
2020年,みなかみ町,17233,8357,8876
2020年,玉村町,36073,17594,18479
2020年,板倉町,14101,7029,7072
2020年,明和町,10884,5466,5418
2020年,千代田町,10857,5469,5388
2020年,大泉町,42107,22284,19823
2020年,邑楽町,25537,12861,12676
2020年,埼玉県,7346836,3651934,3694902
2020年,さいたま市,1324591,652965,671626
2020年,さいたま市西区,93512,45848,47664
2020年,さいたま市北区,149303,73404,75899
2020年,さいたま市大宮区,117875,58353,59522
2020年,さいたま市見沼区,165105,80738,84367
2020年,さいたま市中央区,103321,50998,52323
2020年,さいたま市桜区,98718,49771,48947
2020年,さいたま市浦和区,164851,79543,85308
2020年,さいたま市南区,191635,95491,96144
2020年,さいたま市緑区,128399,63236,65163
2020年,さいたま市岩槻区,111872,55583,56289
2020年,川越市,354680,177393,177287
2020年,熊谷市,194439,97040,97399
2020年,川口市,594461,299265,295196
2020年,行田市,78671,38746,39925
2020年,秩父市,59706,29070,30636
2020年,所沢市,342535,168168,174367
2020年,飯能市,80391,40287,40104
2020年,加須市,111702,56003,55699
2020年,本庄市,78623,39231,39392
2020年,東松山市,91838,46186,45652
2020年,春日部市,229767,113428,116339
2020年,狭山市,148712,74138,74574
2020年,羽生市,52879,26153,26726
2020年,鴻巣市,116864,57672,59192
2020年,深谷市,141336,70229,71107
2020年,上尾市,227020,112289,114731
2020年,草加市,248037,125021,123016
2020年,越谷市,341765,168776,172989
2020年,蕨市,74326,37486,36840
2020年,戸田市,140868,71359,69509
2020年,入間市,145723,71808,73915
2020年,朝霞市,141036,70663,70373
2020年,志木市,75377,36943,38434
2020年,和光市,83997,43142,40855
2020年,新座市,166104,81792,84312
2020年,桶川市,74778,36957,37821
2020年,久喜市,150599,74596,76003
2020年,北本市,65228,32221,33007
2020年,八潮市,93412,48005,45407
2020年,富士見市,111881,54872,57009
2020年,三郷市,142177,71485,70692
2020年,蓮田市,61530,30478,31052
2020年,坂戸市,100300,50039,50261
2020年,幸手市,50095,24984,25111
2020年,鶴ヶ島市,70198,34607,35591
2020年,日高市,54591,26946,27645
2020年,吉川市,72028,35808,36220
2020年,ふじみ野市,113640,56078,57562
2020年,白岡市,52223,25748,26475
2020年,伊奈町,44848,22549,22299
2020年,三芳町,38452,18954,19498
2020年,毛呂山町,35379,17536,17843
2020年,越生町,11042,5494,5548
2020年,滑川町,19682,10040,9642
2020年,嵐山町,17904,8942,8962
2020年,小川町,28536,14188,14348
2020年,川島町,19398,9832,9566
2020年,吉見町,18196,9130,9066
2020年,鳩山町,13581,6561,7020
2020年,ときがわ町,10547,5334,5213
2020年,横瀬町,7981,3965,4016
2020年,皆野町,9305,4590,4715
2020年,長瀞町,6809,3322,3487
2020年,小鹿野町,10890,5365,5525
2020年,東秩父村,2710,1352,1358
2020年,美里町,11040,5539,5501
2020年,神川町,13380,6780,6600
2020年,上里町,30347,15011,15336
2020年,寄居町,32386,16062,16324
2020年,宮代町,34163,17183,16980
2020年,杉戸町,43860,21933,21927
2020年,松伏町,28272,14195,14077
2020年,千葉県,6287034,3117871,3169163
2020年,千葉市,975210,481154,494056
2020年,千葉市中央区,211734,105665,106069
2020年,千葉市花見川区,177408,87288,90120
2020年,千葉市稲毛区,160684,80362,80322
2020年,千葉市若葉区,146976,72965,74011
2020年,千葉市緑区,129467,63118,66349
2020年,千葉市美浜区,148941,71756,77185
2020年,銚子市,58478,28249,30229
2020年,市川市,496943,251388,245555
2020年,船橋市,642972,318847,324125
2020年,館山市,45177,21850,23327
2020年,木更津市,136224,68464,67760
2020年,松戸市,498293,247044,251249
2020年,野田市,152674,76171,76503
2020年,茂原市,86821,42656,44165
2020年,成田市,132998,66249,66749
2020年,佐倉市,168858,82450,86408
2020年,東金市,58248,29255,28993
2020年,旭市,63788,31396,32392
2020年,習志野市,176306,87890,88416
2020年,柏市,426552,210721,215831
2020年,勝浦市,16938,8705,8233
2020年,市原市,269653,138466,131187
2020年,流山市,199960,98446,101514
2020年,八千代市,199597,97916,101681
2020年,我孫子市,130590,63562,67028
2020年,鴨川市,32149,15230,16919
2020年,鎌ケ谷市,109989,53592,56397
2020年,君津市,82249,41933,40316
2020年,富津市,42508,21538,20970
2020年,浦安市,171424,83500,87924
2020年,四街道市,93632,46355,47277
2020年,袖ケ浦市,63906,32211,31695
2020年,八街市,67480,34121,33359
2020年,印西市,102651,50569,52082
2020年,白井市,62470,30927,31543
2020年,富里市,49762,25307,24455
2020年,南房総市,35844,17009,18835
2020年,匝瑳市,35099,17264,17835
2020年,香取市,72427,35630,36797
2020年,山武市,48462,24195,24267
2020年,いすみ市,35571,17374,18197
2020年,大網白里市,48155,23552,24603
2020年,酒々井町,20760,10160,10600
2020年,栄町,20140,9868,10272
2020年,神崎町,5820,2938,2882
2020年,多古町,13748,6942,6806
2020年,東庄町,13235,6578,6657
2020年,九十九里町,14644,7203,7441
2020年,芝山町,7042,3478,3564
2020年,横芝光町,22091,10771,11320
2020年,一宮町,11900,5827,6073
2020年,睦沢町,6768,3259,3509
2020年,長生村,13808,6800,7008
2020年,白子町,10311,5115,5196
2020年,長柄町,6725,3291,3434
2020年,長南町,7205,3529,3676
2020年,大多喜町,8899,4312,4587
2020年,御宿町,6882,3258,3624
2020年,鋸南町,6998,3356,3642
2020年,東京都,14064696,6902188,7162508
2020年,特別区部,9744534,4776168,4968366
2020年,千代田区,66758,33686,33072
2020年,中央区,169318,80969,88349
2020年,港区,260851,123542,137309
2020年,新宿区,349743,174810,174933
2020年,文京区,240297,115547,124750
2020年,台東区,211779,108617,103162
2020年,墨田区,272190,134775,137415
2020年,江東区,524547,258009,266538
2020年,品川区,422795,208753,214042
2020年,目黒区,288501,135930,152571
2020年,大田区,748291,372452,375839
2020年,世田谷区,948147,447114,501033
2020年,渋谷区,244067,117893,126174
2020年,中野区,345089,172361,172728
2020年,杉並区,592241,284781,307460
2020年,豊島区,302098,151047,151051
2020年,北区,355501,176122,179379
2020年,荒川区,217713,107726,109987
2020年,板橋区,584403,285903,298500
2020年,練馬区,753045,361682,391363
2020年,足立区,695530,347413,348117
2020年,葛飾区,453441,225849,227592
2020年,江戸川区,698189,351187,347002
2020年,八王子市,579605,291381,288224
2020年,立川市,187089,92702,94387
2020年,武蔵野市,150102,71837,78265
2020年,三鷹市,195558,94550,101008
2020年,青梅市,133587,66631,66956
2020年,府中市,262932,131474,131458
2020年,昭島市,114053,56658,57395
2020年,調布市,242721,117046,125675
2020年,町田市,431525,210812,220713
2020年,小金井市,126253,61799,64454
2020年,小平市,198977,97492,101485
2020年,日野市,190261,94809,95452
2020年,東村山市,151941,73820,78121
2020年,国分寺市,129353,63005,66348
2020年,国立市,77167,37510,39657
2020年,福生市,56443,28030,28413
2020年,狛江市,84807,41033,43774
2020年,東大和市,83952,41037,42915
2020年,清瀬市,76258,36537,39721
2020年,東久留米市,115227,55558,59669
2020年,武蔵村山市,70863,35262,35601
2020年,多摩市,147169,71739,75430
2020年,稲城市,93171,46882,46289
2020年,羽村市,54341,27479,26862
2020年,あきる野市,79366,39286,40080
2020年,西東京市,207389,100969,106420
2020年,瑞穂町,31774,15998,15776
2020年,日の出町,17048,8394,8654
2020年,檜原村,2003,983,1020
2020年,奥多摩町,4752,2389,2363
2020年,大島町,7104,3665,3439
2020年,利島村,327,197,130
2020年,新島村,2441,1204,1237
2020年,神津島村,1857,953,904
2020年,三宅村,2274,1271,1003
2020年,御蔵島村,323,181,142
2020年,八丈町,7048,3539,3509
2020年,青ヶ島村,169,102,67
2020年,小笠原村,2932,1806,1126
2020年,神奈川県,9240411,4587059,4653352
2020年,横浜市,3778318,1865940,1912378
2020年,横浜市鶴見区,297555,153284,144271
2020年,横浜市神奈川区,247322,125792,121530
2020年,横浜市西区,104917,53072,51845
2020年,横浜市中区,151388,77100,74288
2020年,横浜市南区,198054,98747,99307
2020年,横浜市保土ケ谷区,207816,101812,106004
2020年,横浜市磯子区,166795,82038,84757
2020年,横浜市金沢区,199033,96963,102070
2020年,横浜市港北区,358678,179055,179623
2020年,横浜市戸塚区,283908,138250,145658
2020年,横浜市港南区,215196,104971,110225
2020年,横浜市旭区,245272,118182,127090
2020年,横浜市緑区,183147,90112,93035
2020年,横浜市瀬谷区,122671,59336,63335
2020年,横浜市栄区,120263,58545,61718
2020年,横浜市泉区,152452,73907,78545
2020年,横浜市青葉区,310699,150208,160491
2020年,横浜市都筑区,213152,104566,108586
2020年,川崎市,1539081,775849,763232
2020年,川崎市川崎区,233228,125182,108046
2020年,川崎市幸区,171188,86703,84485
2020年,川崎市中原区,263785,133902,129883
2020年,川崎市高津区,234342,116321,118021
2020年,川崎市多摩区,221853,112909,108944
2020年,川崎市宮前区,233796,113359,120437
2020年,川崎市麻生区,180889,87473,93416
2020年,相模原市,725302,361815,363487
2020年,相模原市緑区,170139,85514,84625
2020年,相模原市中央区,273651,136956,136695
2020年,相模原市南区,281512,139345,142167
2020年,横須賀市,388504,193794,194710
2020年,平塚市,258524,129050,129474
2020年,鎌倉市,172821,81062,91759
2020年,藤沢市,437155,215672,221483
2020年,小田原市,188986,91347,97639
2020年,茅ヶ崎市,242603,117669,124934
2020年,逗子市,56981,26706,30275
2020年,三浦市,42098,20152,21946
2020年,秦野市,162579,82347,80232
2020年,厚木市,223747,115319,108428
2020年,大和市,239269,119592,119677
2020年,伊勢原市,101839,51481,50358
2020年,海老名市,136581,68628,67953
2020年,座間市,132180,65842,66338
2020年,南足柄市,40859,20013,20846
2020年,綾瀬市,83964,42597,41367
2020年,葉山町,31627,14891,16736
2020年,寒川町,48366,24468,23898
2020年,大磯町,31673,15420,16253
2020年,二宮町,27578,13300,14278
2020年,中井町,9299,4662,4637
2020年,大井町,17138,8438,8700
2020年,松田町,10840,5406,5434
2020年,山北町,9773,4825,4948
2020年,開成町,18333,8911,9422
2020年,箱根町,11303,5425,5878
2020年,真鶴町,6725,3124,3601
2020年,湯河原町,23433,10870,12563
2020年,愛川町,39894,20888,19006
2020年,清川村,3038,1556,1482
2020年,新潟県,2202358,1068840,1133518
2020年,新潟市,789715,379788,409927
2020年,新潟市北区,72847,35493,37354
2020年,新潟市東区,134527,64397,70130
2020年,新潟市中央区,180432,86053,94379
2020年,新潟市江南区,68001,32933,35068
2020年,新潟市秋葉区,75094,36022,39072
2020年,新潟市南区,43483,20983,22500
2020年,新潟市西区,160742,77673,83069
2020年,新潟市西蒲区,54589,26234,28355
2020年,長岡市,267115,131054,136061
2020年,三条市,94679,45829,48850
2020年,柏崎市,81549,40552,40997
2020年,新発田市,94976,45965,49011
2020年,小千谷市,34102,16886,17216
2020年,加茂市,25449,12414,13035
2020年,十日町市,49834,24343,25491
2020年,見附市,39252,19063,20189
2020年,村上市,57444,27476,29968
2020年,燕市,77234,37622,39612
2020年,糸魚川市,40778,20072,20706
2020年,妙高市,30402,14744,15658
2020年,五泉市,47650,22878,24772
2020年,上越市,188119,91921,96198
2020年,阿賀野市,40708,19568,21140
2020年,佐渡市,51513,24882,26631
2020年,魚沼市,34501,16807,17694
2020年,南魚沼市,54876,26779,28097
2020年,胎内市,28527,13955,14572
2020年,聖籠町,14266,7173,7093
2020年,弥彦村,7708,3732,3976
2020年,田上町,11231,5394,5837
2020年,阿賀町,9970,4824,5146
2020年,出雲崎町,4114,1978,2136
2020年,湯沢町,7770,3948,3822
2020年,津南町,8992,4322,4670
2020年,刈羽村,4384,2246,2138
2020年,関川村,5147,2444,2703
2020年,粟島浦村,353,181,172
2020年,富山県,1035612,502845,532767
2020年,富山市,414171,202364,211807
2020年,高岡市,166513,80498,86015
2020年,魚津市,40585,19733,20852
2020年,氷見市,43995,20896,23099
2020年,滑川市,32379,15749,16630
2020年,黒部市,39647,19506,20141
2020年,砺波市,48191,23424,24767
2020年,小矢部市,29018,14001,15017
2020年,南砺市,47976,22955,25021
2020年,射水市,90807,44272,46535
2020年,舟橋村,3133,1522,1611
2020年,上市町,19367,9254,10113
2020年,立山町,24862,12049,12813
2020年,入善町,23875,11387,12488
2020年,朝日町,11093,5235,5858
2020年,石川県,1133294,549910,583384
2020年,金沢市,463583,224594,238989
2020年,七尾市,50336,23971,26365
2020年,小松市,106292,52209,54083
2020年,輪島市,24633,11717,12916
2020年,珠洲市,12934,5936,6998
2020年,加賀市,63263,29952,33311
2020年,羽咋市,20429,9671,10758
2020年,かほく市,34911,16881,18030
2020年,白山市,110497,53696,56801
2020年,能美市,48547,24127,24420
2020年,野々市市,57260,29557,27703
2020年,川北町,6143,3027,3116
2020年,津幡町,36966,18046,18920
2020年,内灘町,26588,12778,13810
2020年,志賀町,18641,8883,9758
2020年,宝達志水町,12129,5720,6409
2020年,中能登町,16552,7976,8576
2020年,穴水町,7897,3794,4103
2020年,能登町,15693,7375,8318
2020年,福井県,767433,374072,393361
2020年,福井市,262501,127883,134618
2020年,敦賀市,64302,31800,32502
2020年,小浜市,29019,14325,14694
2020年,大野市,31324,15000,16324
2020年,勝山市,22180,10588,11592
2020年,鯖江市,68363,33324,35039
2020年,あわら市,27539,13058,14481
2020年,越前市,80667,39665,41002
2020年,坂井市,88533,42750,45783
2020年,永平寺町,18980,9231,9749
2020年,池田町,2424,1197,1227
2020年,南越前町,10009,4803,5206
2020年,越前町,20126,9721,10405
2020年,美浜町,9202,4618,4584
2020年,高浜町,10332,5426,4906
2020年,おおい町,7913,3971,3942
2020年,若狭町,14019,6712,7307
2020年,山梨県,810427,397392,413035
2020年,甲府市,189742,92895,96847
2020年,富士吉田市,46552,22648,23904
2020年,都留市,31023,14942,16081
2020年,山梨市,33465,16085,17380
2020年,大月市,22525,10925,11600
2020年,韮崎市,29082,14504,14578
2020年,南アルプス市,69494,34172,35322
2020年,北杜市,44096,21506,22590
2020年,甲斐市,75343,37236,38107
2020年,笛吹市,66979,32453,34526
2020年,上野原市,22677,11336,11341
2020年,甲州市,29259,14076,15183
2020年,中央市,31235,15522,15713
2020年,市川三郷町,14710,7164,7546
2020年,早川町,1098,627,471
2020年,身延町,10655,5218,5437
2020年,南部町,7157,3493,3664
2020年,富士川町,14225,6847,7378
2020年,昭和町,20916,10444,10472
2020年,道志村,1608,811,797
2020年,西桂町,4041,1947,2094
2020年,忍野村,9236,5134,4102
2020年,山中湖村,5178,2557,2621
2020年,鳴沢村,2834,1399,1435
2020年,富士河口湖町,26084,12837,13247
2020年,小菅村,684,344,340
2020年,丹波山村,529,270,259
2020年,長野県,2049683,1000961,1048722
2020年,長野市,373251,181556,191695
2020年,松本市,241337,118325,123012
2020年,上田市,154155,75387,78768
2020年,岡谷市,47820,23219,24601
2020年,飯田市,98206,47307,50899
2020年,諏訪市,48774,23815,24959
2020年,須坂市,49583,24327,25256
2020年,小諸市,41008,19974,21034
2020年,伊那市,66111,32436,33675
2020年,駒ヶ根市,32218,15726,16492
2020年,中野市,42361,20563,21798
2020年,大町市,26069,12603,13466
2020年,飯山市,19547,9497,10050
2020年,茅野市,56500,28256,28244
2020年,塩尻市,67302,33624,33678
2020年,佐久市,98300,48061,50239
2020年,千曲市,58900,28409,30491
2020年,東御市,30154,14788,15366
2020年,安曇野市,94278,45390,48888
2020年,小海町,4357,2142,2215
2020年,川上村,4350,2595,1755
2020年,南牧村,3272,1822,1450
2020年,南相木村,966,474,492
2020年,北相木村,753,378,375
2020年,佐久穂町,10217,4963,5254
2020年,軽井沢町,19197,9181,10016
2020年,御代田町,15563,7712,7851
2020年,立科町,6617,3326,3291
2020年,青木村,4124,1978,2146
2020年,長和町,5606,2780,2826
2020年,下諏訪町,19171,9242,9929
2020年,富士見町,14108,6848,7260
2020年,原村,7684,3772,3912
2020年,辰野町,18562,9018,9544
2020年,箕輪町,24981,12506,12475
2020年,飯島町,9007,4392,4615
2020年,南箕輪村,15817,7858,7959
2020年,中川村,4649,2189,2460
2020年,宮田村,8570,4163,4407
2020年,松川町,12539,6073,6466
2020年,高森町,12814,6158,6656
2020年,阿南町,4302,2075,2227
2020年,阿智村,6071,2894,3177
2020年,平谷村,389,192,197
2020年,根羽村,853,411,442
2020年,下條村,3545,1709,1836
2020年,売木村,549,251,298
2020年,天龍村,1175,556,619
2020年,泰阜村,1542,726,816
2020年,喬木村,5977,2909,3068
2020年,豊丘村,6430,3188,3242
2020年,大鹿村,1021,538,483
2020年,上松町,4123,2037,2086
2020年,南木曽町,3917,1896,2021
2020年,木祖村,2694,1236,1458
2020年,王滝村,716,338,378
2020年,大桑村,3439,1681,1758
2020年,木曽町,10583,5153,5430
2020年,麻績村,2595,1219,1376
2020年,生坂村,1640,818,822
2020年,山形村,8404,4106,4298
2020年,朝日村,4282,2110,2172
2020年,筑北村,4150,2051,2099
2020年,池田町,9388,4555,4833
2020年,松川村,9611,4608,5003
2020年,白馬村,8585,4260,4325
2020年,小谷村,2645,1369,1276
2020年,坂城町,14020,6919,7101
2020年,小布施町,10661,5124,5537
2020年,高山村,6626,3246,3380
2020年,山ノ内町,11363,5530,5833
2020年,木島平村,4374,2117,2257
2020年,野沢温泉村,3278,1567,1711
2020年,信濃町,7745,3814,3931
2020年,小川村,2225,1104,1121
2020年,飯綱町,10300,5017,5283
2020年,栄村,1667,804,863
2020年,岐阜県,1979781,960625,1019156
2020年,岐阜市,402742,191690,211052
2020年,大垣市,158342,77009,81333
2020年,高山市,84463,40486,43977
2020年,多治見市,106810,51441,55369
2020年,関市,85283,41671,43612
2020年,中津川市,76658,37414,39244
2020年,美濃市,19267,9295,9972
2020年,瑞浪市,37175,18156,19019
2020年,羽島市,65684,32313,33371
2020年,恵那市,47818,23154,24664
2020年,美濃加茂市,56718,28138,28580
2020年,土岐市,55374,26816,28558
2020年,各務原市,144619,71253,73366
2020年,可児市,100037,49221,50816
2020年,山県市,25291,12191,13100
2020年,瑞穂市,56411,28115,28296
2020年,飛騨市,22556,10864,11692
2020年,本巣市,32940,15938,17002
2020年,郡上市,39003,19051,19952
2020年,下呂市,30443,14469,15974
2020年,海津市,32749,16050,16699
2020年,岐南町,25890,12668,13222
2020年,笠松町,22220,10514,11706
2020年,養老町,26897,13123,13774
2020年,垂井町,26419,12988,13431
2020年,関ケ原町,6612,3203,3409
2020年,神戸町,18587,9098,9489
2020年,輪之内町,9664,4808,4856
2020年,安八町,14355,7040,7315
2020年,揖斐川町,19535,9364,10171
2020年,大野町,22048,10780,11268
2020年,池田町,23378,11426,11952
2020年,北方町,18148,8652,9496
2020年,坂祝町,8069,4165,3904
2020年,富加町,5627,2704,2923
2020年,川辺町,9866,4868,4998
2020年,七宗町,3408,1609,1799
2020年,八百津町,10201,4907,5294
2020年,白川町,7417,3487,3930
2020年,東白川村,2017,964,1053
2020年,御嵩町,17529,8767,8762
2020年,白川村,1511,755,756
2020年,静岡県,3635220,1791719,1843501
2020年,静岡市,693759,337888,355871
2020年,静岡市葵区,249451,120009,129442
2020年,静岡市駿河区,213107,105156,107951
2020年,静岡市清水区,231201,112723,118478
2020年,浜松市,791155,393046,398109
2020年,浜松市中区,235373,117413,117960
2020年,浜松市東区,129410,64377,65033
2020年,浜松市西区,108198,53488,54710
2020年,浜松市南区,99826,50037,49789
2020年,浜松市北区,92792,45698,47094
2020年,浜松市浜北区,98823,49088,49735
2020年,浜松市天竜区,26733,12945,13788
2020年,沼津市,189611,93094,96517
2020年,熱海市,34233,15440,18793
2020年,三島市,107851,52440,55411
2020年,富士宮市,128147,63390,64757
2020年,伊東市,65529,30684,34845
2020年,島田市,95759,46740,49019
2020年,富士市,245489,120723,124766
2020年,磐田市,166744,83993,82751
2020年,焼津市,136891,66959,69932
2020年,掛川市,114989,57700,57289
2020年,藤枝市,141385,68816,72569
2020年,御殿場市,86689,44452,42237
2020年,袋井市,87882,44544,43338
2020年,下田市,20195,9679,10516
2020年,裾野市,50945,25776,25169
2020年,湖西市,57907,29627,28280
2020年,伊豆市,28264,13362,14902
2020年,御前崎市,31117,15810,15307
2020年,菊川市,47823,24174,23649
2020年,伊豆の国市,46820,22458,24362
2020年,牧之原市,43524,21431,22093
2020年,東伊豆町,11487,5441,6046
2020年,河津町,6884,3326,3558
2020年,南伊豆町,7923,3754,4169
2020年,松崎町,6039,2838,3201
2020年,西伊豆町,7089,3351,3738
2020年,函南町,36802,17914,18888
2020年,清水町,31720,15405,16315
2020年,長泉町,43365,21438,21927
2020年,小山町,18585,9846,8739
2020年,吉田町,28937,14417,14520
2020年,川根本町,6206,3055,3151
2020年,森町,17475,8708,8767
2020年,愛知県,7546192,3762249,3783943
2020年,名古屋市,2333406,1146556,1186850
2020年,名古屋市千種区,165420,80260,85160
2020年,名古屋市東区,84410,40426,43984
2020年,名古屋市北区,163282,79276,84006
2020年,名古屋市西区,151198,74789,76409
2020年,名古屋市中村区,138660,70102,68558
2020年,名古屋市中区,93283,46104,47179
2020年,名古屋市昭和区,107698,52996,54702
2020年,名古屋市瑞穂区,108423,51999,56424
2020年,名古屋市熱田区,66956,33348,33608
2020年,名古屋市中川区,220738,108932,111806
2020年,名古屋市港区,143764,72203,71561
2020年,名古屋市南区,134631,68356,66275
2020年,名古屋市守山区,176512,86037,90475
2020年,名古屋市緑区,248914,122015,126899
2020年,名古屋市名東区,164677,78791,85886
2020年,名古屋市天白区,164840,80922,83918
2020年,豊橋市,372134,186217,185917
2020年,岡崎市,384805,193692,191113
2020年,一宮市,379981,184796,195185
2020年,瀬戸市,127869,62603,65266
2020年,半田市,117925,59374,58551
2020年,春日井市,308832,152353,156479
2020年,豊川市,184659,91959,92700
2020年,津島市,60958,29664,31294
2020年,碧南市,72528,37324,35204
2020年,刈谷市,153926,80203,73723
2020年,豊田市,422511,220755,201756
2020年,安城市,188512,96513,91999
2020年,西尾市,169127,85615,83512
2020年,蒲郡市,79501,39312,40189
2020年,犬山市,73122,36247,36875
2020年,常滑市,58735,28579,30156
2020年,江南市,98284,47914,50370
2020年,小牧市,149033,75373,73660
2020年,稲沢市,134738,66400,68338
2020年,新城市,44382,22009,22373
2020年,東海市,113838,59172,54666
2020年,大府市,93154,47381,45773
2020年,知多市,84371,42326,42045
2020年,知立市,72248,38146,34102
2020年,尾張旭市,83182,40452,42730
2020年,高浜市,46064,23765,22299
2020年,岩倉市,48003,23867,24136
2020年,豊明市,69312,35067,34245
2020年,日進市,91566,45176,46390
2020年,田原市,59379,30143,29236
2020年,愛西市,60839,29542,31297
2020年,清須市,67464,33554,33910
2020年,北名古屋市,86447,43075,43372
2020年,弥富市,43001,21454,21547
2020年,みよし市,61965,32108,29857
2020年,あま市,86185,42585,43600
2020年,長久手市,60112,29132,30980
2020年,東郷町,44128,22152,21976
2020年,豊山町,15615,7940,7675
2020年,大口町,24262,12219,12043
2020年,扶桑町,34136,16841,17295
2020年,大治町,32403,16298,16105
2020年,蟹江町,37351,18433,18918
2020年,飛島村,4580,2261,2319
2020年,阿久比町,28400,13971,14429
2020年,東浦町,49659,24744,24915
2020年,南知多町,16621,8074,8547
2020年,美浜町,22491,11214,11277
2020年,武豊町,43565,22127,21438
2020年,幸田町,42479,21508,20971
2020年,設楽町,4445,2167,2278
2020年,東栄町,2942,1415,1527
2020年,豊根村,1017,482,535
2020年,三重県,1771440,864629,906811
2020年,津市,274759,133547,141212
2020年,四日市市,305744,152708,153036
2020年,伊勢市,122855,58166,64689
2020年,松阪市,159231,76393,82838
2020年,桑名市,138671,68096,70575
2020年,鈴鹿市,195742,97355,98387
2020年,名張市,76414,36862,39552
2020年,尾鷲市,16257,7556,8701
2020年,亀山市,49878,25164,24714
2020年,鳥羽市,17537,8256,9281
2020年,熊野市,15966,7381,8585
2020年,いなべ市,45000,23111,21889
2020年,志摩市,46104,21220,24884
2020年,伊賀市,88863,43470,45393
2020年,木曽岬町,6020,3028,2992
2020年,東員町,25791,12608,13183
2020年,菰野町,40571,19875,20696
2020年,朝日町,11022,5489,5533
2020年,川越町,15131,7804,7327
2020年,多気町,14017,6746,7271
2020年,明和町,22473,10675,11798
2020年,大台町,8675,4105,4570
2020年,玉城町,15044,7182,7862
2020年,度会町,7852,3800,4052
2020年,大紀町,7822,3652,4170
2020年,南伊勢町,10979,5091,5888
2020年,紀北町,14618,6756,7862
2020年,御浜町,8081,3768,4313
2020年,紀宝町,10323,4765,5558
2020年,滋賀県,1414248,697630,716618
2020年,大津市,345202,166754,178448
2020年,彦根市,113693,56500,57193
2020年,長浜市,113719,55411,58308
2020年,近江八幡市,81170,39692,41478
2020年,草津市,143958,72634,71324
2020年,守山市,83271,40875,42396
2020年,栗東市,68879,34193,34686
2020年,甲賀市,88417,44030,44387
2020年,野洲市,50541,25115,25426
2020年,湖南市,54492,28175,26317
2020年,高島市,46379,22758,23621
2020年,東近江市,112872,56287,56585
2020年,米原市,37201,18044,19157
2020年,日野町,20975,10555,10420
2020年,竜王町,11797,6200,5597
2020年,愛荘町,20895,10377,10518
2020年,豊郷町,7139,3465,3674
2020年,甲良町,6365,3061,3304
2020年,多賀町,7283,3504,3779
2020年,京都府,2579921,1231607,1348314
2020年,京都市,1464890,692310,772580
2020年,京都市北区,117252,55732,61520
2020年,京都市上京区,83949,38571,45378
2020年,京都市左京区,166254,79942,86312
2020年,京都市中京区,110557,50519,60038
2020年,京都市東山区,36651,16091,20560
2020年,京都市下京区,82811,38103,44708
2020年,京都市南区,102034,50629,51405
2020年,京都市右京区,202193,94904,107289
2020年,京都市伏見区,278131,133098,145033
2020年,京都市山科区,135194,63522,71672
2020年,京都市西京区,149864,71199,78665
2020年,福知山市,77349,38505,38844
2020年,舞鶴市,80383,40248,40135
2020年,綾部市,31878,15253,16625
2020年,宇治市,179783,86345,93438
2020年,宮津市,16769,7943,8826
2020年,亀岡市,86197,41659,44538
2020年,城陽市,74643,35864,38779
2020年,向日市,56882,27102,29780
2020年,長岡京市,80649,38797,41852
2020年,八幡市,70479,34021,36458
2020年,京田辺市,73773,36107,37666
2020年,京丹後市,50867,24361,26506
2020年,南丹市,31650,15396,16254
2020年,木津川市,77960,37326,40634
2020年,大山崎町,15970,7720,8250
2020年,久御山町,15280,7433,7847
2020年,井手町,7411,3597,3814
2020年,宇治田原町,8923,4501,4422
2020年,笠置町,1142,540,602
2020年,和束町,3483,1617,1866
2020年,精華町,36220,17233,18987
2020年,南山城村,2390,1124,1266
2020年,京丹波町,12913,6114,6799
2020年,伊根町,1930,946,984
2020年,与謝野町,20107,9545,10562
2020年,大阪府,8842523,4236023,4606500
2020年,大阪市,2754742,1327024,1427718
2020年,大阪市都島区,107986,51759,56227
2020年,大阪市福島区,79397,37642,41755
2020年,大阪市此花区,65304,31600,33704
2020年,大阪市西区,105891,49600,56291
2020年,大阪市港区,81001,39497,41504
2020年,大阪市大正区,62149,30183,31966
2020年,大阪市天王寺区,82216,37996,44220
2020年,大阪市浪速区,75628,38430,37198
2020年,大阪市西淀川区,95957,47096,48861
2020年,大阪市東淀川区,177286,86680,90606
2020年,大阪市東成区,85024,40333,44691
2020年,大阪市生野区,127479,60344,67135
2020年,大阪市旭区,89755,42692,47063
2020年,大阪市城東区,169135,80220,88915
2020年,大阪市阿倍野区,111141,51179,59962
2020年,大阪市住吉区,153225,71228,81997
2020年,大阪市東住吉区,127960,60134,67826
2020年,大阪市西成区,106219,61318,44901
2020年,大阪市淀川区,183586,91343,92243
2020年,大阪市鶴見区,112754,53179,59575
2020年,大阪市住之江区,120157,57610,62547
2020年,大阪市平野区,192211,90536,101675
2020年,大阪市北区,139502,67784,71718
2020年,大阪市中央区,103779,48641,55138
2020年,堺市,826447,393880,432567
2020年,堺市堺区,148801,73617,75184
2020年,堺市中区,121277,58083,63194
2020年,堺市東区,85072,40399,44673
2020年,堺市西区,135462,64560,70902
2020年,堺市南区,138519,64138,74381
2020年,堺市北区,159688,74968,84720
2020年,堺市美原区,37628,18115,19513
2020年,岸和田市,190796,90418,100378
2020年,豊中市,401818,188933,212885
2020年,池田市,105017,49968,55049
2020年,吹田市,385787,185316,200471
2020年,泉大津市,74431,35216,39215
2020年,高槻市,352876,168083,184793
2020年,貝塚市,84463,40481,43982
2020年,守口市,143063,69140,73923
2020年,枚方市,397596,188373,209223
2020年,茨木市,288014,138621,149393
2020年,八尾市,264654,125839,138815
2020年,泉佐野市,100182,47822,52360
2020年,富田林市,108768,50937,57831
2020年,寝屋川市,229749,110767,118982
2020年,河内長野市,101764,47397,54367
2020年,松原市,117611,56517,61094
2020年,大東市,119184,57836,61348
2020年,和泉市,184634,88769,95865
2020年,箕面市,136954,65001,71953
2020年,柏原市,68789,32960,35829
2020年,羽曳野市,108872,51098,57774
2020年,門真市,119807,58805,61002
2020年,摂津市,87497,43172,44325
2020年,高石市,55599,26302,29297
2020年,藤井寺市,63714,29954,33760
2020年,東大阪市,494074,240292,253782
2020年,泉南市,60139,28732,31407
2020年,四條畷市,55198,26747,28451
2020年,交野市,75077,35818,39259
2020年,大阪狭山市,58486,27427,31059
2020年,阪南市,51262,24234,27028
2020年,島本町,30899,14596,16303
2020年,豊能町,18284,8679,9605
2020年,能勢町,9062,4330,4732
2020年,忠岡町,16571,7953,8618
2020年,熊取町,43796,21305,22491
2020年,田尻町,8438,4176,4262
2020年,岬町,14787,6837,7950
2020年,太子町,13001,6318,6683
2020年,河南町,15718,7635,8083
2020年,千早赤阪村,4903,2315,2588
2020年,兵庫県,5469184,2600622,2868562
2020年,神戸市,1527022,717052,809970
2020年,神戸市東灘区,213773,99473,114300
2020年,神戸市灘区,136854,63578,73276
2020年,神戸市兵庫区,109270,52936,56334
2020年,神戸市長田区,94933,44698,50235
2020年,神戸市須磨区,158888,73108,85780
2020年,神戸市垂水区,215562,100345,115217
2020年,神戸市北区,210747,99554,111193
2020年,神戸市中央区,147715,68308,79407
2020年,神戸市西区,239280,115052,124228
2020年,姫路市,530723,256665,274058
2020年,尼崎市,459717,222242,237475
2020年,明石市,303838,146778,157060
2020年,西宮市,485705,226078,259627
2020年,洲本市,41329,19651,21678
2020年,芦屋市,94038,42034,52004
2020年,伊丹市,198244,95637,102607
2020年,相生市,28374,13594,14780
2020年,豊岡市,77519,37307,40212
2020年,加古川市,260988,127544,133444
2020年,赤穂市,45921,22109,23812
2020年,西脇市,38714,18545,20169
2020年,宝塚市,226658,103701,122957
2020年,三木市,75373,36266,39107
2020年,高砂市,87758,42402,45356
2020年,川西市,152473,71294,81179
2020年,小野市,47591,23238,24353
2020年,三田市,109324,52339,56985
2020年,加西市,42750,21086,21664
2020年,丹波篠山市,39637,18816,20821
2020年,養父市,22137,10628,11509
2020年,丹波市,61511,29473,32038
2020年,南あわじ市,44180,21122,23058
2020年,朝来市,29002,13885,15117
2020年,淡路市,42028,19880,22148
2020年,宍粟市,34852,16636,18216
2020年,加東市,40683,19963,20720
2020年,たつの市,74355,35930,38425
2020年,猪名川町,29703,13977,15726
2020年,多可町,19284,9318,9966
2020年,稲美町,30268,14767,15501
2020年,播磨町,33561,16292,17269
2020年,市川町,11239,5481,5758
2020年,福崎町,19376,9454,9922
2020年,神河町,10633,4963,5670
2020年,太子町,33498,16250,17248
2020年,上郡町,13896,6722,7174
2020年,佐用町,15885,7570,8315
2020年,香美町,16069,7634,8435
2020年,新温泉町,13328,6299,7029
2020年,奈良県,1325437,624160,701277
2020年,奈良市,354833,164875,189958
2020年,大和高田市,61779,28969,32810
2020年,大和郡山市,83276,39225,44051
2020年,天理市,63941,31296,32645
2020年,橿原市,120972,57342,63630
2020年,桜井市,54870,25907,28963
2020年,五條市,27947,13178,14769
2020年,御所市,24113,11125,12988
2020年,生駒市,116951,55232,61719
2020年,香芝市,78148,36924,41224
2020年,葛城市,36845,17532,19313
2020年,宇陀市,28144,13377,14767
2020年,山添村,3227,1540,1687
2020年,平群町,18025,8452,9573
2020年,三郷町,23233,10881,12352
2020年,斑鳩町,27611,12991,14620
2020年,安堵町,7225,3384,3841
2020年,川西町,8165,3940,4225
2020年,三宅町,6443,3050,3393
2020年,田原本町,31213,14883,16330
2020年,曽爾村,1294,594,700
2020年,御杖村,1480,695,785
2020年,高取町,6736,3140,3596
2020年,明日香村,5237,2472,2765
2020年,上牧町,21715,10113,11602
2020年,王寺町,24054,11377,12677
2020年,広陵町,33842,16069,17773
2020年,河合町,17032,7916,9116
2020年,吉野町,6232,2840,3392
2020年,大淀町,16728,7938,8790
2020年,下市町,5042,2356,2686
2020年,黒滝村,626,296,330
2020年,天川村,1179,568,611
2020年,野迫川村,358,176,182
2020年,十津川村,3063,1664,1399
2020年,下北山村,751,359,392
2020年,上北山村,446,227,219
2020年,川上村,1159,554,605
2020年,東吉野村,1502,703,799
2020年,和歌山県,923033,435090,487943
2020年,和歌山市,356858,167954,188904
2020年,海南市,48400,22545,25855
2020年,橋本市,60863,28633,32230
2020年,有田市,26553,12579,13974
2020年,御坊市,23488,11400,12088
2020年,田辺市,69906,32798,37108
2020年,新宮市,27187,12613,14574
2020年,紀の川市,58856,27826,31030
2020年,岩出市,53993,25972,28021
2020年,紀美野町,8264,3796,4468
2020年,かつらぎ町,15990,7432,8558
2020年,九度山町,3859,1781,2078
2020年,高野町,2969,1496,1473
2020年,湯浅町,11117,5189,5928
2020年,広川町,6785,3194,3591
2020年,有田川町,25274,11947,13327
2020年,美浜町,6866,3217,3649
2020年,日高町,7673,3657,4016
2020年,由良町,5373,2687,2686
2020年,印南町,7722,3660,4062
2020年,みなべ町,11823,5605,6218
2020年,日高川町,9223,4449,4774
2020年,白浜町,20270,9441,10829
2020年,上富田町,15240,7250,7990
2020年,すさみ町,3687,1748,1939
2020年,那智勝浦町,14144,6532,7612
2020年,太地町,2797,1231,1566
2020年,古座川町,2480,1129,1351
2020年,北山村,404,183,221
2020年,串本町,14969,7146,7823
2020年,鳥取県,553847,264497,289350
2020年,鳥取市,188614,91382,97232
2020年,米子市,147421,69756,77665
2020年,倉吉市,46526,21839,24687
2020年,境港市,32760,15779,16981
2020年,岩美町,10811,5180,5631
2020年,若桜町,2868,1356,1512
2020年,智頭町,6436,3008,3428
2020年,八頭町,15945,7613,8332
2020年,三朝町,6068,2876,3192
2020年,湯梨浜町,16062,7657,8405
2020年,琴浦町,16373,7678,8695
2020年,北栄町,14238,6817,7421
2020年,日吉津村,3504,1629,1875
2020年,大山町,15405,7399,8006
2020年,南部町,10319,4923,5396
2020年,伯耆町,10710,5054,5656
2020年,日南町,4199,1984,2215
2020年,日野町,2909,1323,1586
2020年,江府町,2679,1244,1435
2020年,島根県,671602,324394,347208
2020年,松江市,203779,98577,105202
2020年,浜田市,54622,27296,27326
2020年,出雲市,172887,83511,89376
2020年,益田市,45039,21366,23673
2020年,大田市,32866,15740,17126
2020年,安来市,37113,17760,19353
2020年,江津市,22979,10894,12085
2020年,雲南市,36024,17318,18706
2020年,奥出雲町,11859,5705,6154
2020年,飯南町,4577,2158,2419
2020年,川本町,3251,1556,1695
2020年,美郷町,4355,2081,2274
2020年,邑南町,10166,4878,5288
2020年,津和野町,6879,3220,3659
2020年,吉賀町,6079,2942,3137
2020年,海士町,2267,1111,1156
2020年,西ノ島町,2788,1430,1358
2020年,知夫村,634,323,311
2020年,隠岐の島町,13438,6528,6910
2020年,岡山県,1889607,908231,981376
2020年,岡山市,725108,348694,376414
2020年,岡山市北区,314685,153498,161187
2020年,岡山市中区,149328,70154,79174
2020年,岡山市東区,93179,44263,48916
2020年,岡山市南区,167916,80779,87137
2020年,倉敷市,474793,228312,246481
2020年,津山市,99994,48021,51973
2020年,玉野市,56582,27450,29132
2020年,笠岡市,46134,21878,24256
2020年,井原市,38406,18352,20054
2020年,総社市,69106,33436,35670
2020年,高梁市,29101,14222,14879
2020年,新見市,28113,13419,14694
2020年,備前市,32345,15519,16826
2020年,瀬戸内市,36054,17318,18736
2020年,赤磐市,42686,20468,22218
2020年,真庭市,42766,20397,22369
2020年,美作市,25963,12448,13515
2020年,浅口市,32810,15769,17041
2020年,和気町,13634,6472,7162
2020年,早島町,12376,5933,6443
2020年,里庄町,10960,5201,5759
2020年,矢掛町,13423,6411,7012
2020年,新庄村,816,380,436
2020年,鏡野町,12068,5814,6254
2020年,勝央町,10894,5208,5686
2020年,奈義町,5582,2781,2801
2020年,西粟倉村,1400,652,748
2020年,久米南町,4534,2172,2362
2020年,美咲町,13065,6230,6835
2020年,吉備中央町,10894,5274,5620
2020年,広島県,2801388,1357356,1444032
2020年,広島市,1201281,579466,621815
2020年,広島市中区,142746,67667,75079
2020年,広島市東区,119397,56875,62522
2020年,広島市南区,145889,71568,74321
2020年,広島市西区,190327,91103,99224
2020年,広島市安佐南区,247118,120321,126797
2020年,広島市安佐北区,139040,65979,73061
2020年,広島市安芸区,77127,38286,38841
2020年,広島市佐伯区,139637,67667,71970
2020年,呉市,214717,103801,110916
2020年,竹原市,24017,11438,12579
2020年,三原市,90648,43175,47473
2020年,尾道市,131243,63468,67775
2020年,福山市,461268,224320,236948
2020年,府中市,37677,18125,19552
2020年,三次市,50722,24224,26498
2020年,庄原市,33721,16050,17671
2020年,大竹市,26326,12822,13504
2020年,東広島市,196755,99683,97072
2020年,廿日市市,114253,54402,59851
2020年,安芸高田市,26463,12613,13850
2020年,江田島市,21937,11026,10911
2020年,府中町,51193,25002,26191
2020年,海田町,29646,14588,15058
2020年,熊野町,22844,10964,11880
2020年,坂町,12592,5989,6603
2020年,安芸太田町,5744,2676,3068
2020年,北広島町,17778,8768,9010
2020年,大崎上島町,7161,3663,3498
2020年,世羅町,15143,7158,7985
2020年,神石高原町,8259,3935,4324
2020年,山口県,1342987,636765,706222
2020年,下関市,255199,118683,136516
2020年,宇部市,162707,77795,84912
2020年,山口市,194110,92371,101739
2020年,萩市,44661,20617,24044
2020年,防府市,114038,54952,59086
2020年,下松市,55960,27415,28545
2020年,岩国市,129226,60990,68236
2020年,光市,49821,23700,26121
2020年,長門市,32537,15046,17491
2020年,柳井市,30821,14346,16475
2020年,美祢市,23267,10852,12415
2020年,周南市,137607,66670,70937
2020年,山陽小野田市,60367,28638,31729
2020年,周防大島町,14810,6827,7983
2020年,和木町,6036,2945,3091
2020年,上関町,2343,1083,1260
2020年,田布施町,14498,6912,7586
2020年,平生町,11921,5555,6366
2020年,阿武町,3058,1368,1690
2020年,徳島県,719704,343287,376417
2020年,徳島市,252364,120226,132138
2020年,鳴門市,54664,25874,28790
2020年,小松島市,36191,17467,18724
2020年,阿南市,69519,33696,35823
2020年,吉野川市,38783,18225,20558
2020年,阿波市,34761,16482,18279
2020年,美馬市,28094,13350,14744
2020年,三好市,23608,11115,12493
2020年,勝浦町,4833,2317,2516
2020年,上勝町,1383,652,731
2020年,佐那河内村,2060,999,1061
2020年,石井町,24859,11760,13099
2020年,神山町,4652,2183,2469
2020年,那賀町,7370,3519,3851
2020年,牟岐町,3747,1734,2013
2020年,美波町,6217,2919,3298
2020年,海陽町,8363,3968,4395
2020年,松茂町,14582,7187,7395
2020年,北島町,22777,10991,11786
2020年,藍住町,35255,16864,18391
2020年,板野町,13054,6265,6789
2020年,上板町,11269,5376,5893
2020年,つるぎ町,7723,3612,4111
2020年,東みよし町,13576,6506,7070
2020年,香川県,951049,459338,491711
2020年,高松市,417803,202089,215714
2020年,丸亀市,109589,53033,56556
2020年,坂出市,50683,24156,26527
2020年,善通寺市,31643,15730,15913
2020年,観音寺市,57503,27589,29914
2020年,さぬき市,47043,22490,24553
2020年,東かがわ市,28300,13358,14942
2020年,三豊市,61917,29780,32137
2020年,土庄町,12856,6044,6812
2020年,小豆島町,13889,6627,7262
2020年,三木町,26925,12940,13985
2020年,直島町,3106,1644,1462
2020年,宇多津町,18704,9183,9521
2020年,綾川町,22714,11005,11709
2020年,琴平町,8476,3941,4535
2020年,多度津町,22459,11378,11081
2020年,まんのう町,17439,8351,9088
2020年,愛媛県,1335694,633220,702474
2020年,松山市,511569,240313,271256
2020年,今治市,151756,71822,79934
2020年,宇和島市,70820,33201,37619
2020年,八幡浜市,31995,14970,17025
2020年,新居浜市,116005,56012,59993
2020年,西条市,104879,50682,54197
2020年,大洲市,40566,19427,21139
2020年,伊予市,35161,16391,18770
2020年,四国中央市,82849,40490,42359
2020年,西予市,35411,16637,18774
2020年,東温市,33917,16192,17725
2020年,上島町,6510,3423,3087
2020年,久万高原町,7413,3513,3900
2020年,松前町,29646,13911,15735
2020年,砥部町,20491,9518,10973
2020年,内子町,15333,7304,8029
2020年,伊方町,8401,4039,4362
2020年,松野町,3681,1729,1952
2020年,鬼北町,9685,4461,5224
2020年,愛南町,19606,9185,10421
2020年,高知県,692065,326579,365486
2020年,高知市,326814,152482,174332
2020年,室戸市,11744,5656,6088
2020年,安芸市,16258,7749,8509
2020年,南国市,46702,22139,24563
2020年,土佐市,25762,12369,13393
2020年,須崎市,20603,10068,10535
2020年,宿毛市,19044,8924,10120
2020年,土佐清水市,12388,5834,6554
2020年,四万十市,32719,15455,17264
2020年,香南市,32229,15530,16699
2020年,香美市,26556,12851,13705
2020年,東洋町,2193,1085,1108
2020年,奈半利町,3036,1405,1631
2020年,田野町,2498,1171,1327
2020年,安田町,2373,1144,1229
2020年,北川村,1146,552,594
2020年,馬路村,747,359,388
2020年,芸西村,3696,1720,1976
2020年,本山町,3264,1510,1754
2020年,大豊町,3256,1543,1713
2020年,土佐町,3750,1780,1970
2020年,大川村,366,189,177
2020年,いの町,21394,10208,11186
2020年,仁淀川町,4824,2302,2522
2020年,中土佐町,6002,2784,3218
2020年,佐川町,12336,5753,6583
2020年,越知町,5191,2390,2801
2020年,檮原町,3308,1612,1696
2020年,日高村,4826,2295,2531
2020年,津野町,5297,2516,2781
2020年,四万十町,15596,7436,8160
2020年,大月町,4432,2127,2305
2020年,三原村,1440,691,749
2020年,黒潮町,10275,4950,5325
2020年,福岡県,5138891,2430984,2707907
2020年,北九州市,939622,443258,496364
2020年,北九州市門司区,93899,43041,50858
2020年,北九州市若松区,80597,38318,42279
2020年,北九州市戸畑区,57538,28039,29499
2020年,北九州市小倉北区,183517,86089,97428
2020年,北九州市小倉南区,209141,99623,109518
2020年,北九州市八幡東区,64858,30396,34462
2020年,北九州市八幡西区,250072,117752,132320
2020年,福岡市,1613361,760972,852389
2020年,福岡市東区,322683,156742,165941
2020年,福岡市博多区,252153,121596,130557
2020年,福岡市中央区,205610,92431,113179
2020年,福岡市南区,265753,122824,142929
2020年,福岡市西区,212729,100882,111847
2020年,福岡市城南区,132947,62309,70638
2020年,福岡市早良区,221486,104188,117298
2020年,大牟田市,111379,51239,60140
2020年,久留米市,303496,144486,159010
2020年,直方市,56287,26403,29884
2020年,飯塚市,126486,60195,66291
2020年,田川市,46235,21070,25165
2020年,柳川市,64540,30444,34096
2020年,八女市,60653,28468,32185
2020年,筑後市,48867,23403,25464
2020年,大川市,33010,15430,17580
2020年,行橋市,71501,34128,37373
2020年,豊前市,24411,11384,13027
2020年,中間市,40373,18956,21417
2020年,小郡市,59408,27805,31603
2020年,筑紫野市,103374,49305,54069
2020年,春日市,111097,53130,57967
2020年,大野城市,102172,48884,53288
2020年,宗像市,97158,46142,51016
2020年,太宰府市,73286,34773,38513
2020年,古賀市,58831,27908,30923
2020年,福津市,67141,31343,35798
2020年,うきは市,28012,13153,14859
2020年,宮若市,26327,12401,13926
2020年,嘉麻市,35515,16400,19115
2020年,朝倉市,50342,23557,26785
2020年,みやま市,35908,16681,19227
2020年,糸島市,98945,46980,51965
2020年,那珂川市,50142,24188,25954
2020年,宇美町,37701,18966,18735
2020年,篠栗町,31228,15011,16217
2020年,志免町,46390,22312,24078
2020年,須恵町,28646,13764,14882
2020年,新宮町,32945,15898,17047
2020年,久山町,9079,4281,4798
2020年,粕屋町,48216,23849,24367
2020年,芦屋町,13561,6637,6924
2020年,水巻町,28138,13074,15064
2020年,岡垣町,31027,14486,16541
2020年,遠賀町,18736,8795,9941
2020年,小竹町,7152,3406,3746
2020年,鞍手町,15094,7076,8018
2020年,桂川町,12895,6024,6871
2020年,筑前町,29615,14061,15554
2020年,東峰村,1904,871,1033
2020年,大刀洗町,15529,7438,8091
2020年,大木町,13824,6544,7280
2020年,広川町,19988,9587,10401
2020年,香春町,10198,4738,5460
2020年,添田町,8805,4128,4677
2020年,糸田町,8414,3843,4571
2020年,川崎町,15190,6920,8270
2020年,大任町,5013,2258,2755
2020年,赤村,2776,1295,1481
2020年,福智町,21424,9990,11434
2020年,苅田町,37691,19641,18050
2020年,みやこ町,18838,8806,10032
2020年,吉富町,6539,3071,3468
2020年,上毛町,7254,3453,3801
2020年,築上町,17202,8275,8927
2020年,佐賀県,812013,384499,427514
2020年,佐賀市,233466,110205,123261
2020年,唐津市,117431,55029,62402
2020年,鳥栖市,74258,35526,38732
2020年,多久市,18304,8554,9750
2020年,伊万里市,52651,25445,27206
2020年,武雄市,47962,22730,25232
2020年,鹿島市,27915,13140,14775
2020年,小城市,43976,20772,23204
2020年,嬉野市,25867,11997,13870
2020年,神埼市,31046,14884,16162
2020年,吉野ヶ里町,16330,7985,8345
2020年,基山町,17256,8177,9079
2020年,上峰町,9295,4454,4841
2020年,みやき町,25531,12179,13352
2020年,玄海町,5609,3067,2542
2020年,有田町,19028,8786,10242
2020年,大町町,6305,2903,3402
2020年,江北町,9573,4463,5110
2020年,白石町,22084,10359,11725
2020年,太良町,8126,3844,4282
2020年,長崎県,1313103,616927,696176
2020年,長崎市,409305,188491,220814
2020年,佐世保市,243387,115137,128250
2020年,島原市,43360,20158,23202
2020年,諫早市,133957,63559,70398
2020年,大村市,95452,45454,49998
2020年,平戸市,29375,13774,15601
2020年,松浦市,21284,10270,11014
2020年,対馬市,28511,14067,14444
2020年,壱岐市,24974,11836,13138
2020年,五島市,34400,16141,18259
2020年,西海市,26296,13121,13175
2020年,雲仙市,41131,19380,21751
2020年,南島原市,42360,19593,22767
2020年,長与町,40800,19198,21602
2020年,時津町,29356,14112,15244
2020年,東彼杵町,7734,3684,4050
2020年,川棚町,13394,6302,7092
2020年,波佐見町,14302,6762,7540
2020年,小値賀町,2291,1056,1235
2020年,佐々町,13923,6591,7332
2020年,新上五島町,17511,8241,9270
2020年,熊本県,1739211,822599,916612
2020年,熊本市,738744,349086,389658
2020年,熊本市中央区,187475,88617,98858
2020年,熊本市東区,189389,89661,99728
2020年,熊本市西区,91143,42776,48367
2020年,熊本市南区,130914,61638,69276
2020年,熊本市北区,139823,66394,73429
2020年,八代市,123146,57320,65826
2020年,人吉市,31334,14363,16971
2020年,荒尾市,50878,23908,26970
2020年,水俣市,23580,10913,12667
2020年,玉名市,64367,30417,33950
2020年,山鹿市,49082,23006,26076
2020年,菊池市,46473,22078,24395
2020年,宇土市,36192,17287,18905
2020年,上天草市,24584,11510,13074
2020年,宇城市,57075,26988,30087
2020年,阿蘇市,24966,11772,13194
2020年,天草市,75826,35418,40408
2020年,合志市,61829,29727,32102
2020年,美里町,9406,4367,5039
2020年,玉東町,5047,2401,2646
2020年,南関町,8968,4278,4690
2020年,長洲町,15383,7672,7711
2020年,和水町,9347,4402,4945
2020年,大津町,35212,17457,17755
2020年,菊陽町,43376,21237,22139
2020年,南小国町,3737,1773,1964
2020年,小国町,6599,3140,3459
2020年,産山村,1384,714,670
2020年,高森町,5787,2782,3005
2020年,西原村,6430,3110,3320
2020年,南阿蘇村,9843,4794,5049
2020年,御船町,16314,7764,8550
2020年,嘉島町,9553,4582,4971
2020年,益城町,32529,15601,16928
2020年,甲佐町,10139,4815,5324
2020年,山都町,13521,6438,7083
2020年,氷川町,11101,5082,6019
2020年,芦北町,15688,7372,8316
2020年,津奈木町,4255,1991,2264
2020年,錦町,10292,4892,5400
2020年,多良木町,9082,4266,4816
2020年,湯前町,3627,1700,1927
2020年,水上村,2033,939,1094
2020年,相良村,4103,1946,2157
2020年,五木村,932,452,480
2020年,山江村,3239,1497,1742
2020年,球磨村,2438,1173,1265
2020年,あさぎり町,14685,6780,7905
2020年,苓北町,7085,3389,3696
2020年,大分県,1124597,533530,591067
2020年,大分市,475852,228440,247412
2020年,別府市,115416,52432,62984
2020年,中津市,82911,40309,42602
2020年,日田市,62697,29688,33009
2020年,佐伯市,66908,30896,36012
2020年,臼杵市,36176,17093,19083
2020年,津久見市,16109,7504,8605
2020年,竹田市,20357,9504,10853
2020年,豊後高田市,22142,10504,11638
2020年,杵築市,28025,13437,14588
2020年,宇佐市,52810,24884,27926
2020年,豊後大野市,33741,15709,18032
2020年,由布市,32787,15595,17192
2020年,国東市,26246,12509,13737
2020年,姫島村,1726,805,921
2020年,日出町,27747,13236,14511
2020年,九重町,8548,4038,4510
2020年,玖珠町,14399,6947,7452
2020年,宮崎県,1070213,504853,565360
2020年,宮崎市,401591,189373,212218
2020年,都城市,160736,75327,85409
2020年,延岡市,118450,56099,62351
2020年,日南市,50891,23938,26953
2020年,小林市,43718,20338,23380
2020年,日向市,59647,28376,31271
2020年,串間市,16828,7877,8951
2020年,西都市,28643,13431,15212
2020年,えびの市,17645,8340,9305
2020年,三股町,25595,11929,13666
2020年,高原町,8646,4126,4520
2020年,国富町,18410,8610,9800
2020年,綾町,6938,3266,3672
2020年,高鍋町,19928,9499,10429
2020年,新富町,16571,8098,8473
2020年,西米良村,1000,492,508
2020年,木城町,4898,2250,2648
2020年,川南町,15196,7147,8049
2020年,都農町,9913,4678,5235
2020年,門川町,17387,8278,9109
2020年,諸塚村,1486,725,761
2020年,椎葉村,2506,1270,1236
2020年,美郷町,4828,2338,2490
2020年,高千穂町,11649,5605,6044
2020年,日之影町,3637,1746,1891
2020年,五ヶ瀬町,3476,1697,1779
2020年,鹿児島県,1589206,748401,840805
2020年,鹿児島市,593460,276188,317272
2020年,鹿屋市,101204,48430,52774
2020年,枕崎市,20052,9175,10877
2020年,阿久根市,19289,9068,10221
2020年,出水市,52016,24235,27781
2020年,指宿市,39045,18109,20936
2020年,西之表市,14701,7033,7668
2020年,垂水市,13817,6395,7422
2020年,薩摩川内市,92459,44574,47885
2020年,日置市,47166,22161,25005
2020年,曽於市,33312,15555,17757
2020年,霧島市,123205,58986,64219
2020年,いちき串木野市,27511,12745,14766
2020年,南さつま市,32894,15111,17783
2020年,志布志市,29343,14005,15338
2020年,奄美市,41416,19774,21642
2020年,南九州市,33118,15451,17667
2020年,伊佐市,24461,11314,13147
2020年,姶良市,76405,35765,40640
2020年,三島村,405,191,214
2020年,十島村,740,412,328
2020年,さつま町,20272,9439,10833
2020年,長島町,9719,4711,5008
2020年,湧水町,9130,4405,4725
2020年,大崎町,12385,5864,6521
2020年,東串良町,6236,2938,3298
2020年,錦江町,6944,3254,3690
2020年,南大隅町,6482,3080,3402
2020年,肝付町,14237,6981,7256
2020年,中種子町,7538,3553,3985
2020年,南種子町,5445,2726,2719
2020年,屋久島町,11869,5805,6064
2020年,大和村,1366,674,692
2020年,宇検村,1621,791,830
2020年,瀬戸内町,8558,4209,4349
2020年,龍郷町,5820,2812,3008
2020年,喜界町,6628,3257,3371
2020年,徳之島町,10161,4968,5193
2020年,天城町,5524,2784,2740
2020年,伊仙町,6139,3073,3066
2020年,和泊町,6246,3080,3166
2020年,知名町,5748,2860,2888
2020年,与論町,5119,2460,2659
2020年,沖縄県,1468410,722932,745478
2020年,那覇市,317832,154081,163751
2020年,宜野湾市,100192,48837,51355
2020年,石垣市,47675,23997,23678
2020年,浦添市,115741,55979,59762
2020年,名護市,63564,31612,31952
2020年,糸満市,61025,30701,30324
2020年,沖縄市,142840,69490,73350
2020年,豊見城市,64640,31475,33165
2020年,うるま市,125406,63059,62347
2020年,宮古島市,52962,26486,26476
2020年,南城市,44071,22170,21901
2020年,国頭村,4521,2316,2205
2020年,大宜味村,3104,1640,1464
2020年,東村,1599,883,716
2020年,今帰仁村,8904,4468,4436
2020年,本部町,12543,6339,6204
2020年,恩納村,10885,5509,5376
2020年,宜野座村,5837,2907,2930
2020年,金武町,10828,5372,5456
2020年,伊江村,4123,2074,2049
2020年,読谷村,41240,20243,20997
2020年,嘉手納町,13531,6563,6968
2020年,北谷町,28223,13484,14739
2020年,北中城村,17984,8666,9318
2020年,中城村,22173,11039,11134
2020年,西原町,34996,17643,17353
2020年,与那原町,19705,9560,10145
2020年,南風原町,40458,19833,20625
2020年,渡嘉敷村,717,387,330
2020年,座間味村,892,485,407
2020年,粟国村,681,382,299
2020年,渡名喜村,348,207,141
2020年,南大東村,1289,746,543
2020年,北大東村,590,365,225
2020年,伊平屋村,1128,607,521
2020年,伊是名村,1324,718,606
2020年,久米島町,7201,3833,3368
2020年,八重瀬町,30958,15245,15713
2020年,多良間村,1058,575,483
2020年,竹富町,3946,2033,1913
2020年,与那国町,1676,923,753
